3.899121917744123866e-01
3.871047660338793883e-01
3.806255899637648321e-01
3.740834954361813569e-01
3.651554101425566468e-01
3.573981415296640374e-01
3.485750536794846588e-01
3.371180452547263839e-01
3.254774706747731172e-01
3.104780119471938771e-01
2.940202754354396819e-01
2.730688570429919415e-01
2.508226901969440314e-01
2.223571161748225666e-01
1.913616392639539421e-01
1.536856146994276806e-01
1.107890841731145881e-01
6.711633713204204210e-02
2.967562813145803099e-02
6.815145980426901007e-03
