7.927850648034062697e-01
7.872317363971385040e-01
7.750525258061569112e-01
7.644321412539278882e-01
7.499123627015658045e-01
7.345675482487491470e-01
7.191377819915786285e-01
6.976860217373715978e-01
6.769473122339247917e-01
6.489735596925025884e-01
6.171071046348892697e-01
5.766231212862635847e-01
5.332637725361933922e-01
4.767596990234270748e-01
4.131226845473194298e-01
3.354213667910470598e-01
2.450654541909294826e-01
1.504020188190445528e-01
6.746797173512301959e-02
1.568710301774664181e-02
