2.958039891549808065e+00
2.830038957432538194e+00
2.702038023315268322e+00
2.574037089197998007e+00
2.446036155080728136e+00
2.318035220963458265e+00
2.190034286846188394e+00
2.062033352728918523e+00
1.934032418611648430e+00
1.806031484494378558e+00
1.678030550377108465e+00
1.550029616259838594e+00
1.422028682142568723e+00
1.294027748025298630e+00
1.166026813908028759e+00
1.038025879790758665e+00
9.100249456734887943e-01
7.820240115562189231e-01
6.540230774389490520e-01
5.260221433216791809e-01
